15  13  6   8   7
15  4   6   12  9
11  3   5   14  0
6   0   3   15  12
7   9   10  5   12
3   14  2   0   1
10  14  4   2   15
10  13  1   9   12
15  12  13  6   11
14  12  7   0   11
7   12  5   3   7
12  15  10  5   12
6   6   15  9   13
1   15  2   9   6
15  7   4   4   2
1   11  13  2   7
7   7   9   12  6
7   2   13  15  10
9   10  11  7   2
10  15  4   2   9
7   5   2   14  15
12  9   14  2   5
14  12  14  8   3
4   6   8   4   10
9   4   10  0   9
14  11  15  9   13
2   0   0   9   14
13  1   15  6   7
0   8   1   5   3
2   9   0   11  6
11  5   13  6   2
9   2   4   1   6
3   1   8   7   5
9   8   4   2   8
13  9   4   7   0
5   9   0   6   5
0   12  3   2   9
2   12  1   14  4
5   15  6   4   3
9   2   13  10  5
